0.000000
0.001997
0.008778
0.020814
0.040486
0.070607
0.112058
0.166400
0.232561
0.309087
0.393991
0.483364
0.574629
0.663608
0.746927
0.821863
0.884840
0.934499
0.968547
0.985947
0.986558
0.969458
0.935874
0.885933
0.820780
0.742187
0.650858
0.549371
0.438945
0.321579
0.199694
0.074457
-0.051247
-0.176039
-0.297887
-0.414458
-0.524785
-0.626302
-0.718054
-0.798546
-0.866088
-0.920464
-0.959954
-0.984543
-0.993755
-0.986991
-0.965173
-0.927761
-0.875934
-0.810410
-0.731763
-0.642050
-0.541801
-0.433194
-0.317847
-0.197127
-0.073760
0.051186
0.175141
0.296240
0.413022
0.522823
0.624789
0.716711
0.797229
0.865526
0.919702
0.959780
0.984530
0.993652
0.987455
0.965215
0.928160
0.876276
0.810474
0.732241
0.641991
0.542026
0.433321
0.317683
0.197388
0.073509
-0.051120
-0.175133
-0.296484
-0.412808
-0.523091
-0.624716
-0.716680
-0.797441
-0.865274
-0.919931
-0.959672
-0.984469
-0.993840
-0.987186
-0.965433
-0.928046
-0.876215
-0.810664
-0.731977
-0.642216
-0.541919
-0.433265
-0.317879
-0.197127
-0.073737
0.051225
0.175187
0.296288
0.413068
0.522863
0.624822
0.716735
0.797245
0.865535
0.919704
0.959778
0.984524
0.993645
0.987447
0.965206
0.928152
0.876270
0.810468
0.732237
0.641989
0.542024
0.433320
0.317683
0.197388
0.073510
-0.051119
-0.175132
-0.296484
-0.412807
-0.523090
-0.624716
-0.716680
-0.797441
-0.865274
-0.919932
-0.959672
-0.984470
-0.993841
-0.987187
-0.965434
-0.928047
-0.876215
-0.810665
-0.731977
-0.642216
-0.541918
-0.433265
-0.317879
-0.197127
-0.073737
0.051225
0.175188
0.296288
0.413068
0.522864
0.624822
0.716735
0.797246
0.865535
0.919705
0.959779
0.984525
0.993645
0.987447
0.965207
0.928153
0.876270
0.810469
0.732238
0.641989
0.542024
0.433320
0.317683
0.197388
0.073510
-0.051119
-0.175132
-0.296484
-0.412807
-0.523090
-0.624716
-0.716680
-0.797441
-0.865274
-0.919932
-0.959673
-0.984470
-0.993841
-0.987187
-0.965434
-0.928047
-0.876215
-0.810665
-0.731977
-0.642216
-0.541918
-0.433265
-0.317879
-0.197127
-0.073737
0.051225
0.175188
0.296288
0.413068
0.522864
0.624822
0.716735
0.797246
0.865535
0.919704
0.959778
0.984525
0.993645
0.987447
0.965206
0.928152
0.876270
0.810468
0.732238
0.641989
0.542024
0.433320
0.317683
0.197388
0.073510
-0.051119
-0.175132
-0.296484
-0.412807
-0.523090
-0.624716
-0.716680
-0.797441
-0.865274
-0.919932
-0.959672
-0.984469
-0.993840
-0.987186
-0.965433
-0.928046
-0.876215
-0.810664
-0.731977
-0.642216
-0.541918
-0.433265
-0.317879
-0.197127
-0.073737
0.051225
0.175188
0.296288
0.413068
0.522864
0.624822
0.716735
0.797246
0.865535
0.919705
0.959778
0.984525
0.993645
0.987447
0.965206
0.928152
0.876270
0.810468
0.732238
0.641989
0.542024
0.433320
0.317683
0.197388
0.073510
-0.051119
-0.175132
-0.296483
-0.412807
-0.523090
-0.624716
-0.716680
-0.797441
-0.865274
-0.919932
-0.959673
-0.984470
-0.993841
-0.987187
-0.965434
-0.928047
-0.876215
-0.810665
-0.731977
-0.642216
-0.541918
-0.433265
-0.317879
-0.197127
-0.073737
0.051225
0.175188
0.296288
0.413068
0.522864
0.624822
0.716735
0.797246
0.865535
0.919704
0.959778
0.984525
0.993645
0.987447
0.965206
0.928152
0.876270
0.810468
0.732238
0.641989
0.542024
0.433320
0.317683
0.197388
0.073510
-0.051119
-0.175132
-0.296484
-0.412807
-0.523090
-0.624716
-0.716680
-0.797441
-0.865274
-0.919932
-0.959672
-0.984469
-0.993840
-0.987186
-0.965433
-0.928046
-0.876215
-0.810664
-0.731977
-0.642216
-0.541918
-0.433265
-0.317879
-0.197127
-0.073737
0.051225
0.175188
0.296288
0.413068
0.522864
0.624822
0.716735
0.797246
0.865535
0.919705
0.959778
0.984525
0.993645
0.987447
0.965206
0.928152
0.876270
0.810468
0.732238
0.641989
0.542024
0.433320
0.317683
0.197388
0.073510
-0.051119
-0.175132
-0.296483
-0.412807
-0.523090
-0.624716
-0.716680
-0.797441
-0.865274
-0.919932
-0.959673
-0.984470
-0.993841
-0.987187
-0.965434
-0.928047
-0.876215
-0.810665
-0.731977
-0.642216
-0.541918
-0.433265
-0.317879
-0.197127
-0.073737
0.051225
0.175188
0.296288
0.413068
0.522864
0.624822
0.716735
0.797246
0.865535
0.919704
0.959778
0.984525
0.993645
0.987447
0.965206
0.928152
0.876270
0.810468
0.732238
0.641989
0.542024
0.433320
0.317683
0.197388
0.073510
-0.051119
-0.175132
-0.296484
-0.412807
-0.523090
-0.624716
-0.716680
-0.797441
-0.865274
-0.919932
-0.959672
-0.984469
-0.993840
-0.987186
-0.965433
-0.928046
-0.876215
-0.810664
-0.731977
-0.642216
-0.541918
-0.433265
-0.317879
-0.197127
-0.073737
0.051225
0.175188
0.296288
0.413068
0.522864
0.624822
0.716735
0.797246
0.865535
0.919705
0.959778
0.984525
0.993645
0.987447
0.965206
0.928152
0.876270
0.810468
0.732238
0.641989
0.542024
0.433320
0.317683
0.197388
0.073510
-0.051119
-0.175132
-0.296483
-0.412807
-0.523090
-0.624716
-0.716680
-0.797441
-0.865274
-0.919932
-0.959673
-0.984470
-0.993841
-0.987187
-0.965434
-0.928047
-0.876215
-0.810665
-0.731977
-0.642216
-0.541918
-0.433265
-0.317879
-0.197127
-0.073737
0.051225
0.175188
0.296288
0.413068
0.522864
0.624822
0.716735
0.797246
0.865535
0.919704
0.959778
0.984525
0.993645
0.987447
0.965206
0.928152
0.876270
0.810468
0.732238
0.641989
0.542024
0.433320
0.317683
0.197388
0.073510
-0.051119
-0.175132
-0.296484
-0.412807
-0.523090
-0.624716
-0.716680
-0.797441
-0.865274
-0.919932
-0.959672
-0.984469
-0.993840
-0.987186
-0.965433
-0.928046
-0.876215
-0.810664
-0.731977
-0.642216
-0.541918
-0.433265
-0.317879
-0.197127
-0.073737
0.051225
0.175188
0.296288
0.413068
0.522864
0.624822
0.716735
0.797246
0.865535
0.919705
0.959778
0.984525
0.993645
0.987447
0.965206
0.928152
0.876270
0.810468
0.732238
0.641989
0.542024
0.433320
0.317683
0.197388
0.073510
-0.051119
-0.175132
-0.296483
-0.412807
-0.523090
-0.624716
-0.716680
-0.797441
-0.865274
-0.919932
-0.959673
-0.984470
-0.993841
-0.987187
-0.965434
-0.928047
-0.876215
-0.810665
-0.731977
-0.642216
-0.541918
-0.433265
-0.317879
-0.197127
-0.073737
0.051225
0.175188
0.296288
0.413068
0.522864
0.624822
0.716735
0.797246
0.865535
0.919704
0.959778
0.984525
0.993645
0.987447
0.965206
0.928152
0.876270
0.810468
0.732238
0.641989
0.542024
0.433320
0.317683
0.197388
0.073510
-0.051119
-0.175132
-0.296484
-0.412807
-0.523090
-0.624716
-0.716680
-0.797441
-0.865274
-0.919932
-0.959672
-0.984469
-0.993840
-0.987186
-0.965433
-0.928046
-0.876215
-0.810664
-0.731977
-0.642216
-0.541918
-0.433265
-0.317879
-0.197127
-0.073737
0.051225
0.175188
0.296288
0.413068
0.522864
0.624822
0.716735
0.797246
0.865535
0.919705
0.959778
0.984525
0.993645
0.987447
0.965206
0.928152
0.876270
0.810468
0.732238
0.641989
0.542024
0.433320
0.317683
0.197388
0.073510
-0.051119
-0.175132
-0.296483
-0.412807
-0.523090
-0.624716
-0.716680
-0.797441
-0.865274
-0.919932
-0.959673
-0.984470
-0.993841
-0.987187
-0.965434
-0.928047
-0.876215
-0.810665
-0.731977
-0.642216
-0.541918
-0.433265
-0.317879
-0.197127
-0.073737
0.051225
0.175188
0.296288
0.413068
0.522864
0.624822
0.716735
0.797246
0.865535
0.919704
0.959778
0.984525
0.993645
0.987447
0.965206
0.928152
0.876270
0.810468
0.732238
0.641989
0.542024
0.433320
0.317683
0.197388
0.073510
-0.051119
-0.175132
-0.296484
-0.412807
-0.523090
-0.624716
-0.716680
-0.797441
-0.865274
-0.919932
-0.959672
-0.984469
-0.993840
-0.987186
-0.965433
-0.928046
-0.876215
-0.810664
-0.731977
-0.642216
-0.541918
-0.433265
-0.317879
-0.197127
-0.073737
0.051225
0.175188
0.296288
0.413068
0.522864
0.624822
0.716735
0.797246
0.865535
0.919705
0.959778
0.984525
0.993645
0.987447
0.965206
0.928152
0.876270
0.810468
0.732238
0.641989
0.542024
0.433320
0.317683
0.197388
0.073510
-0.051119
-0.175132
-0.296483
-0.412807
-0.523090
-0.624716
-0.716680
-0.797441
-0.865274
-0.919932
-0.959673
-0.984470
-0.993841
-0.987187
-0.965434
-0.928047
-0.876215
-0.810665
-0.731977
-0.642216
-0.541918
-0.433265
-0.317879
-0.197127
-0.073737
0.051225
0.175188
0.296288
0.413068
0.522864
0.624822
0.716735
0.797246
0.865535
0.919704
0.959778
0.984525
0.993645
0.987447
0.965206
0.928152
0.876270
0.810468
0.732238
0.641989
0.542024
0.433320
0.317683
0.197388
0.073510
-0.051119
-0.175132
-0.296484
-0.412807
-0.523090
-0.624716
-0.716680
-0.797441
-0.865274
-0.919932
-0.959672
-0.984469
-0.993840
-0.987186
-0.965433
-0.928046
-0.876215
-0.810664
-0.731977
-0.642216
-0.541918
-0.433265
-0.317879
-0.197127
-0.073737
0.051225
0.175188
0.296288
0.413068
0.522864
0.624822
0.716735
0.797246
0.865535
0.919705
0.959778
0.984525
0.993645
0.987447
0.965206
0.928152
0.876270
0.810468
0.732238
0.641989
0.542024
0.433320
0.317683
0.197388
0.073510
-0.051119
-0.175132
-0.296483
-0.412807
-0.523090
-0.624716
-0.716680
-0.797441
-0.865274
-0.919932
-0.959673
-0.984470
-0.993841
-0.987187
-0.965434
-0.928047
-0.876215
-0.810665
-0.731977
-0.642216
-0.541918
-0.433265
-0.317879
-0.197127
-0.073737
0.051225
0.175188
0.296288
0.413068
0.522864
0.624822
0.716735
0.797246
0.865535
0.919704
0.959778
0.984525
0.993645
0.987447
0.965206
0.928152
0.876270
0.810468
0.732238
0.641989
0.542024
0.433320
0.317683
0.197388
0.073510
-0.051119
-0.175132
-0.296484
-0.412807
-0.523090
-0.624716
-0.716680
-0.797441
-0.865274
-0.919932
-0.959672
-0.984469
-0.993840
-0.987186
-0.965433
-0.928046
-0.876215
-0.810664
-0.731977
-0.642216
-0.541918
-0.433265
-0.317879
-0.197127
-0.073737
0.051225
0.175188
0.296288
0.413068
0.522864
0.624822
0.716735
0.797246
0.865535
0.919705
0.959778
0.984525
0.993645
0.987447
0.965206
0.928152
0.876270
0.810468
0.732238
0.641989
0.542024
0.433320
0.317683
0.197388
0.073510
-0.051119
-0.175132
-0.296483
-0.412807
-0.523090
-0.624716
-0.716680
-0.797441
-0.865274
-0.919932
-0.959673
-0.984470
-0.993841
-0.987187
-0.965434
-0.928047
-0.876215
-0.810665
-0.731977
