0
0.713118485856778
-0.702366629130299
1.31918106897983
-0.106031578190757
0.587785252292473
1.27233235822116
-0.180543273519364
1.79538444179717
0.317041800173544
0.951056516295153
1.57007250302116
0.0469702121331187
1.94908324472343
0.394501998436217
0.951056516295152
1.49261230475849
-0.106728590793137
1.72156975907094
0.0967618536362173
0.587785252292471
1.06953892639418
-0.582931963610476
1.19974640346001
-0.462452018728173
4.77859843922103e-15
0.462452018728159
-1.19974640346001
0.582931963610475
-1.06953892639419
-0.587785252292476
-0.0967618536362131
-1.72156975907094
0.106728590793142
-1.4926123047585
-0.951056516295143
-0.394501998436224
-1.94908324472343
-0.0469702121331191
-1.57007250302116
-0.951056516295158
-0.317041800173555
-1.79538444179717
0.180543273519368
-1.27233235822116
-0.587785252292478
0.106031578190761
-1.31918106897983
0.702366629130302
-0.713118485856785
9.06733815878312e-15
0.71311848585677
-0.702366629130291
1.31918106897983
-0.106031578190754
0.587785252292482
1.27233235822117
-0.180543273519362
1.79538444179717
0.31704180017354
0.951056516295148
1.57007250302116
0.0469702121331161
1.94908324472343
0.394501998436221
0.951056516295162
1.49261230475847
-0.106728590793136
1.72156975907095
0.0967618536362093
0.587785252292495
1.06953892639418
-0.582931963610469
1.19974640346
-0.462452018728162
7.23036796006209e-15
0.462452018728176
-1.19974640346001
0.582931963610474
-1.06953892639419
-0.587785252292481
-0.0967618536362211
-1.72156975907094
0.10672859079314
-1.49261230475851
-0.951056516295148
-0.394501998436232
-1.94908324472341
-0.0469702121331207
-1.57007250302114
-0.951056516295163
-0.317041800173551
-1.79538444179717
0.180543273519365
-1.27233235822115
-0.587785252292469
0.106031578190743
-1.31918106897983
0.702366629130304
-0.713118485856781
1.81346763175662e-14
0.713118485856774
-0.702366629130293
1.31918106897984
-0.106031578190795
0.587785252292477
1.27233235822115
-0.180543273519372
1.79538444179716
0.317041800173544
0.951056516295171
1.57007250302114
0.0469702121331146
1.94908324472343
0.394501998436201
0.951056516295185
1.4926123047585
-0.106728590793138
1.72156975907095
0.0967618536361904
0.587785252292462
1.06953892639419
-0.58293196361047
1.19974640346
-0.462452018728159
2.57671012330215e-15
0.462452018728157
-1.19974640346
0.582931963610471
-1.06953892639419
-0.587785252292457
-0.0967618536362387
-1.72156975907093
0.106728590793138
-1.4926123047585
-0.951056516295124
-0.394501998436251
-1.94908324472342
-0.0469702121331134
-1.57007250302119
-0.951056516295111
-0.317041800173592
-1.79538444179716
0.180543273519374
-1.2723323582212
-0.587785252292474
0.106031578190791
-1.31918106897984
0.702366629130292
-0.713118485856777
1.29911597611474e-14
0.713118485856799
-0.702366629130305
1.31918106897983
-0.106031578190769
0.5877852522925
1.27233235822117
-0.180543273519366
1.79538444179717
0.317041800173524
0.951056516295138
1.57007250302116
0.046970212133122
1.94908324472343
0.394501998436183
0.951056516295152
1.49261230475848
-0.106728590793131
1.72156975907095
0.0967618536361715
0.587785252292486
1.06953892639417
-0.582931963610464
1.19974640346002
-0.462452018728224
2.27920480381457e-14
0.462452018728184
-1.19974640346001
0.582931963610464
-1.06953892639416
-0.58778525229249
-0.0967618536362115
-1.72156975907094
0.10672859079313
-1.49261230475848
-0.951056516295157
-0.394501998436223
-1.94908324472342
-0.0469702121331237
-1.57007250302116
-0.951056516295144
-0.317041800173566
-1.79538444179716
0.180543273519363
-1.27233235822117
-0.58778525229245
0.106031578190726
-1.31918106897981
0.702366629130302
-0.713118485856796
3.62693526351325e-14
0.713118485856738
-0.702366629130295
1.31918106897984
-0.106031578190788
0.587785252292526
1.27233235822111
-0.180543273519339
1.7953844417972
0.31704180017355
0.951056516295161
1.57007250302114
0.046970212133129
1.94908324472341
0.394501998436256
0.951056516295119
1.49261230475851
-0.106728590793139
1.72156975907094
0.0967618536361987
0.587785252292509
1.06953892639415
-0.582931963610457
1.19974640346
-0.462452018728151
-6.73060555021774e-15
0.462452018728166
-1.19974640346
0.582931963610486
-1.06953892639423
-0.58778525229241
-0.096761853636279
-1.72156975907095
0.106728590793136
-1.4926123047585
-0.951056516295135
-0.394501998436243
-1.94908324472341
-0.0469702121330988
-1.57007250302122
-0.951056516295178
-0.31704180017354
-1.79538444179717
0.180543273519368
-1.27233235822119
-0.587785252292427
0.106031578190799
-1.31918106897985
0.702366629130291
-0.71311848585677
2.70412664830959e-15
0.713118485856761
-0.702366629130291
1.31918106897985
-0.106031578190807
0.587785252292436
1.27233235822118
-0.180543273519367
1.79538444179717
0.317041800173532
0.951056516295185
1.57007250302112
0.0469702121331362
1.94908324472345
0.394501998436144
0.951056516295141
1.49261230475849
-0.106728590793134
1.72156975907095
0.0967618536361798
0.587785252292533
1.06953892639413
-0.582931963610453
1.19974640346004
-0.462452018728173
1.34847323646258e-14
0.462452018728143
-1.19974640346
0.582931963610493
-1.06953892639425
-0.587785252292386
-0.0967618536363003
-1.72156975907091
0.106728590793176
-1.49261230475852
-0.951056516295111
-0.394501998436262
-1.9490832447234
-0.0469702121330916
-1.57007250302115
-0.951056516295154
-0.317041800173467
-1.7953844417972
0.18054327351934
-1.27233235822112
-0.58778525229252
0.106031578190776
-1.31918106897984
0.702366629130298
-0.713118485856789
2.59823195222947e-14
0.713118485856833
-0.70236662913032
1.31918106897981
-0.106031578190738
0.587785252292453
1.27233235822116
-0.18054327351936
1.79538444179718
0.317041800173513
0.951056516295208
1.5700725030212
0.0469702121331084
1.94908324472342
0.394501998436218
0.951056516295165
1.49261230475847
-0.106728590793126
1.72156975907096
0.096761853636161
0.587785252292443
1.0695389263942
-0.582931963610474
1.19974640346002
-0.462452018728192
3.72527839582699e-14
0.462452018728124
-1.19974640345999
0.582931963610501
-1.06953892639426
-0.587785252292476
-0.096761853636222
-1.72156975907094
0.106728590793149
-1.49261230475854
-0.951056516295088
-0.394501998436281
-1.9490832447234
-0.0469702121330843
-1.57007250302117
-0.951056516295131
-0.317041800173575
-1.79538444179715
0.180543273519387
-1.27233235822122
-0.587785252292377
0.106031578190671
-1.31918106897979
0.702366629130341
-0.713118485856808
5.63659397538808e-14
0.713118485856729
-0.702366629130312
1.31918106897982
-0.106031578190757
0.587785252292477
1.27233235822123
-0.180543273519393
1.79538444179715
0.317041800173586
0.951056516295118
1.57007250302118
0.0469702121331156
1.94908324472343
0.394501998436199
0.951056516295191
1.49261230475855
-0.106728590793154
1.72156975907093
0.0967618536362341
0.587785252292467
1.06953892639419
-0.582931963610466
1.19974640346002
-0.462452018728204
-4.55605748121011e-14
0.462452018728198
-1.19974640346002
0.582931963610473
-1.06953892639419
-0.587785252292452
-0.096761853636241
-1.72156975907093
0.10672859079316
-1.49261230475856
-0.951056516295178
-0.394501998436208
-1.94908324472342
-0.0469702121331121
-1.57007250302119
-0.951056516295107
-0.317041800173597
-1.79538444179715
0.180543273519394
-1.27233235822124
-0.587785252292468
0.106031578190744
-1.31918106897982
0.702366629130313
-0.713118485856827
7.2538705270265e-14
0.71311848585671
-0.702366629130263
1.31918106897987
-0.10603157819077
0.587785252292506
1.27233235822113
-0.180543273519346
1.79538444179719
0.317041800173567
0.951056516295257
1.57007250302116
0.0469702121331584
1.94908324472343
0.394501998436087
0.951056516295212
1.49261230475834
-0.106728590793178
1.72156975907094
0.0967618536363072
0.58778525229249
1.06953892639426
-0.582931963610459
1.19974640346
-0.462452018728222
-2.1792523218457e-14
0.462452018728278
-1.19974640346001
0.582931963610446
-1.06953892639421
-0.587785252292542
-0.0967618536362598
-1.72156975907095
0.106728590793167
-1.49261230475848
-0.951056516295038
-0.394501998436227
-1.94908324472345
-0.0469702121331049
-1.57007250302112
-0.951056516295084
-0.317041800173524
-1.79538444179714
0.180543273519361
-1.27233235822126
-0.587785252292445
0.106031578190817
-1.31918106897981
0.702366629130284
-0.713118485856847
-1.78699395773659e-14
0.713118485856684
-0.702366629130298
1.31918106897988
-0.106031578190789
0.587785252292415
1.27233235822111
-0.180543273519374
1.7953844417972
0.317041800173548
0.951056516295278
1.57007250302114
0.0469702121331657
1.94908324472344
0.394501998436252
0.951056516295236
1.49261230475851
-0.106728590793104
1.72156975907095
0.0967618536361045
0.587785252292508
1.06953892639405
-0.582931963610458
1.19974640346007
-0.462452018728248
-5.12989898241394e-15
0.462452018728068
-1.19974640346
0.582931963610523
-1.06953892639424
-0.587785252292518
-0.0967618536360947
-1.72156975907095
0.106728590793104
-1.4926123047585
-0.951056516295242
-0.394501998436245
-1.94908324472344
-0.0469702121330977
-1.57007250302113
-0.95105651629506
-0.317041800173543
-1.7953844417972
0.180543273519368
-1.2723323582211
-0.587785252292427
0.106031578190798
-1.31918106897981
0.702366629130292
-0.713118485856866
5.40825329661918e-15
0.713118485856848
-0.702366629130291
1.31918106897981
-0.106031578190815
0.587785252292439
1.27233235822109
-0.180543273519367
1.79538444179721
0.317041800173529
0.951056516295077
1.57007250302112
0.0469702121331027
1.94908324472345
0.394501998436233
0.951056516295261
1.49261230475849
-0.106728590793093
1.72156975907095
0.0967618536360804
0.587785252292538
1.06953892639441
-0.582931963610444
1.19974640345995
-0.46245201872826
-1.945246681168e-13
0.462452018728042
-1.19974640346005
0.582931963610524
-1.06953892639405
-0.5877852522925
-0.0967618536361031
-1.72156975907094
0.106728590793119
-1.49261230475852
-0.951056516295446
-0.394501998436265
-1.94908324472351
-0.0469702121330905
-1.57007250302097
-0.951056516295037
-0.317041800173382
-1.79538444179713
0.180543273519301
-1.2723323582213
-0.587785252292637
0.106031578190601
-1.31918106897988
0.702366629130305
-0.713118485856715
3.57918735282053e-14
0.713118485856815
-0.702366629130277
1.31918106897981
-0.106031578190828
0.587785252292229
1.27233235822107
-0.180543273519434
1.79538444179721
0.31704180017369
0.951056516295325
1.57007250302128
0.0469702121331806
1.94908324472339
0.394501998436029
0.95105651629506
1.49261230475828
-0.106728590793152
1.72156975907096
0.0967618536362507
0.587785252292556
1.0695389263942
-0.582931963610443
1.19974640345995
-0.462452018728286
-1.77862043880757e-13
0.462452018728031
-1.19974640346005
0.582931963610525
-1.06953892639408
-0.587785252292255
-0.0967618536361272
-1.72156975907087
0.106728590793123
-1.49261230475835
-0.951056516295193
-0.394501998436099
-1.94908324472343
-0.0469702121331539
-1.57007250302117
-0.951056516295243
-0.317041800173582
-1.79538444179719
0.180543273519312
-1.27233235822115
-0.587785252292608
0.106031578190759
-1.31918106897987
0.702366629130306
-0.713118485856728
5.19646390445894e-14
0.713118485856803
-0.702366629130348
1.31918106897982
-0.106031578190669
0.587785252292485
1.27233235822123
-0.180543273519353
1.79538444179715
0.31704180017349
0.951056516295119
1.57007250302127
0.0469702121331164
1.94908324472339
0.394501998436195
0.951056516295081
1.49261230475845
-0.106728590793148
1.72156975907097
0.0967618536362369
0.587785252292585
1.06953892639418
-0.582931963610499
1.19974640346002
-0.462452018728114
6.61742557985182e-14
0.462452018728203
-1.19974640345998
0.582931963610482
-1.06953892639429
-0.587785252292453
-0.0967618536361512
-1.72156975907093
0.106728590793126
-1.49261230475856
-0.951056516295171
-0.394501998436303
-1.94908324472342
-0.046970212133076
-1.57007250302119
-0.951056516295217
-0.317041800173598
-1.79538444179718
0.180543273519394
-1.27233235822116
-0.587785252292351
0.106031578190734
-1.31918106897979
0.702366629130319
-0.71311848585674
-1.59236270882258e-13
0.713118485856791
-0.702366629130347
1.31918106897983
-0.106031578190695
0.587785252292503
1.27233235822139
-0.180543273519341
1.79538444179708
0.317041800173474
0.951056516294913
1.57007250302107
0.0469702121330529
1.94908324472347
0.394501998436361
0.95105651629533
1.49261230475862
-0.106728590793075
1.72156975907091
0.0967618536362129
0.587785252292388
1.06953892639416
-0.582931963610485
1.19974640346002
-0.462452018727941
8.28368800345613e-14
0.462452018728375
-1.19974640345998
0.582931963610426
-1.06953892639431
-0.587785252292639
-0.0967618536363593
-1.72156975907099
0.1067285907932
-1.49261230475839
-0.951056516294922
-0.394501998436137
-1.94908324472334
-0.0469702121331393
-1.57007250302121
-0.951056516295196
-0.317041800173614
-1.79538444179718
0.180543273519406
-1.272332358221
-0.587785252292322
0.106031578190892
-1.31918106897977
0.702366629130236
-0.713118485856936
-1.28852650650672e-13
0.713118485856594
-0.702366629130334
1.31918106897991
-0.106031578190708
0.587785252292759
1.27233235822119
-0.180543273519338
1.79538444179716
0.317041800173458
0.951056516295166
1.57007250302105
0.0469702121330605
1.94908324472341
0.394501998436344
0.951056516295128
1.4926123047586
-0.106728590793134
1.72156975907091
0.0967618536361993
0.587785252292406
1.06953892639415
-0.582931963610484
1.19974640345998
-0.462452018728151
-1.13663316457426e-13
0.462452018728165
-1.19974640346003
0.582931963610497
-1.06953892639414
-0.587785252292394
-0.0967618536361889
-1.72156975907097
0.106728590793141
-1.49261230475841
-0.951056516295124
-0.394501998436157
-1.94908324472341
-0.0469702121331317
-1.57007250302123
-0.95105651629517
-0.317041800173458
-1.79538444179717
0.180543273519338
-1.2723323582212
-0.587785252292532
0.106031578190695
-1.31918106897984
0.70236662913032
-0.713118485856778
-1.12679885134288e-13
0.713118485856752
-0.70236662913032
1.31918106897984
-0.106031578190721
0.58778525229255
1.27233235822117
-0.180543273519336
1.79538444179717
0.317041800173436
0.951056516295192
1.57007250302121
0.0469702121331385
1.94908324472342
0.394501998436139
0.95105651629515
1.4926123047584
-0.10672859079313
1.72156975907099
0.0967618536361753
0.587785252292424
1.06953892639413
-0.582931963610483
1.19974640346005
-0.462452018728177
1.44583837937051e-13
0.462452018728139
-1.19974640345996
0.582931963610498
-1.06953892639416
-0.587785252292376
-0.0967618536362129
-1.7215697590709
0.106728590793145
-1.49261230475861
-0.951056516295103
-0.394501998436361
-1.9490832447234
-0.0469702121330536
-1.57007250302125
-0.951056516295145
-0.317041800173658
-1.79538444179716
0.180543273519341
-1.27233235822121
-0.587785252292742
0.106031578190682
-1.31918106897991
0.702366629130334
-0.713118485856621
1.4507741054053e-13
0.71311848585691
-0.702366629130235
1.31918106897977
-0.106031578190918
0.58778525229234
1.27233235822098
-0.180543273519403
1.79538444179718
0.317041800173592
0.951056516295217
1.57007250302119
0.0469702121331462
1.94908324472335
0.394501998436119
0.951056516294948
1.49261230475837
-0.106728590793119
1.72156975907093
0.0967618536363456
0.587785252292669
1.06953892639411
-0.582931963610482
1.19974640345999
-0.462452018728387
-2.79290033998168e-13
0.462452018728128
-1.19974640346
0.582931963610442
-1.06953892639399
-0.587785252292346
-0.0967618536362267
-1.72156975907096
0.106728590793086
-1.49261230475826
-0.951056516295077
-0.394501998436192
-1.94908324472346
-0.0469702121331875
-1.57007250302127
-0.951056516295123
-0.317041800173496
-1.79538444179722
0.180543273519273
-1.27233235822124
-0.587785252292485
0.106031578190841
-1.3191810689799
0.702366629130334
-0.713118485856817
-6.6123499386318e-14
0.713118485856897
-0.702366629130389
1.31918106897986
-0.106031578190759
0.587785252292369
1.27233235822132
-0.180543273519322
1.79538444179719
0.317041800173576
0.951056516295011
1.57007250302135
0.046970212133153
1.94908324472343
0.394501998436285
0.95105651629497
1.49261230475836
-0.106728590793115
1.72156975907094
0.0967618536363215
0.58778525229271
1.06953892639409
-0.582931963610468
1.19974640345999
-0.462452018728031
1.9211994112434e-13
0.462452018728102
-1.19974640346
0.582931963610443
-1.06953892639437
-0.587785252292328
-0.0967618536362507
-1.72156975907096
0.106728590793089
-1.49261230475865
-0.951056516295055
-0.394501998436213
-1.94908324472346
-0.0469702121330392
-1.57007250302129
-0.951056516295098
-0.317041800173512
-1.79538444179721
0.180543273519425
-1.27233235822125
-0.587785252292468
0.106031578190828
-1.31918106897974
0.702366629130348
-0.713118485856829
-3.57398791547319e-14
0.713118485856885
-0.702366629130235
1.31918106897987
-0.106031578190785
0.587785252292398
1.27233235822094
-0.18054327351931
1.7953844417972
0.317041800173559
0.951056516295037
1.57007250302097
0.0469702121331608
1.94908324472344
0.394501998436265
0.951056516295446
1.49261230475834
-0.106728590793112
1.72156975907094
0.0967618536362975
0.587785252292728
1.06953892639406
-0.582931963610454
1.19974640345999
-0.462452018728424
2.08782565360383e-13
0.462452018728076
-1.19974640346
0.582931963610457
-1.0695389263944
-0.587785252292754
-0.0967618536362644
-1.72156975907095
0.106728590793234
-1.4926123047583
-0.951056516295034
-0.39450199843623
-1.94908324472331
-0.0469702121331739
-1.57007250302131
-0.951056516295077
-0.317041800173535
-1.79538444179721
0.180543273519287
-1.27233235822091
-0.58778525229245
0.106031578190802
-1.3191810689799
0.702366629130207
-0.713118485856856
-1.95671136383478e-14
0.713118485856859
-0.702366629130376
1.31918106897973
-0.10603157819081
0.587785252292416
1.27233235822127
-0.180543273519448
1.7953844417972
0.317041800173537
0.951056516295058
1.57007250302132
0.0469702121330271
1.94908324472345
0.394501998436247
0.951056516295021
1.49261230475869
-0.1067285907931
1.72156975907096
0.0967618536362838
0.587785252292302
1.06953892639405
-0.58293196361044
1.19974640346001
-0.462452018728054
-2.15091306574836e-13
0.462452018728064
-1.19974640345999
0.582931963610458
-1.06953892639404
-0.587785252292281
-0.096761853636278
-1.72156975907094
0.106728590793104
-1.49261230475832
-0.951056516295008
-0.394501998436251
-1.94908324472344
-0.0469702121331661
-1.57007250302133
-0.951056516295055
-0.317041800173551
-1.7953844417972
0.180543273519299
-1.27233235822129
-0.587785252292421
0.106031578190789
-1.31918106897988
0.702366629130362
-0.713118485856882
1.08165065932384e-14
